00000000000000000000000000000000 
00000000000000000000000000000000  
00000000000000000000000000000000  
00000000000000000000000000000000
00000000000000000000000000000000   
00000000000000000000000000010100 
00000000000000000000000000001100  
00000000000000000000000000110111 
00000000000000000000000001001000  
00000000000000000000000001100100  
00000000000000000000000000000000 
00000000000000000000000000000000  
00000000000000000000000000000000  
00000000000000000000000000000000  
00000000000000000000000000000000  
00000000000000000000001111100111  
00000000000000000000000000000000
00000000000000000000000000000000
00000000000000000000000000000000
00000000000000000000000000000000
00000000000000000000000000000000
00000000000000000000000000000000
00000000000000000000000000000000
00000000000000000000000000000000
00000000000000000000000000000000
00000000000000000000000000000000
00000000000000000000000000000000
00000000000000000000000000000000
00000000000000000000000000000000
00000000000000000000000000000000
00000000000000000000000000000000
00000000000000000000000000000000
00000000000000000000000000000000
